Optimization iterations = 10000 for all runs
n=4, q=d=3, t=1, start points = 8, optimization callback = 1.0e-18, optimization minimum = 0.22537339226687486
n=7, q=d=3, t=1, start points = 8, optimization callback = 1.0e-18, optimization minimum = 1.0276438159556388e-16
n=10, q=d=3, t=1, start points = 8, optimization callback = 1.0e-18, optimization minimum = 1.2426932904878946e-15
